 ID   Time   IRN   SN38   SN38G   APC 
1 0.5  2040.7   21.1   9.9   12.85 
1 1.17  3035.2   29.9   21.7   54.4 
1 1.5  3218.9   30.4   29.7   49 
1 1.67  2712.8   30.9   36.6   65.6 
1 1.83  2553.9   32.4   41.8   95.1 
1 2  2418.8   32.5   42.6   99.1 
1 2.25  2341.5   34   42.6   110.1 
1 2.5  2376.4   33.7   41.8   118.4 
1 3  1991.3   28.2   30.2   120.8 
1 3.5  1736.2   22.6   26.1   116.4 
1 5.5  863.3   12   17.3   82.8 
1 7.5  460.4   11.3   16.4   76.2 
1 9.5  334.6   11.6   16.6   64.2 
1 13.5  225.1   12.1   18.7   53.9 
1 25.5  67.8   7.5   10   12.85 
2 0.5  2461.4   20.7   47.2   32.5 
2 1  3063.9   31.3   105.4   97.1 
2 1.5  3600   33.4   157.9   164.7 
2 1.8  2615.4   33.5   187.5   181.6 
2 1.97  2537.3   34.4   194.2   214.1 
2 2.13  2762.2   31.8   183.3   222.2 
2 2.38  2648.1   32.7   200.1   270.8 
2 2.63  2373   30.6   207.9   290.2 
2 3.13  2266   25.8   168.4   273.6 
2 3.63  1799.2   19.5   145   250.2 
2 5.63  1146.3   15   95.6   234.6 
2 7.63  699.6   8.9   60.2   177.7 
2 9.63  481.8   7   46.1   140.8 
2 13.63  285.4   7   37.8   91.7 
2 25.63  46.4   2.15   25.3   12.85 
3 0.5  2530.7   28.3   51.8   33.2 
3 1  3595.4   38.4   100.8   80.2 
3 1.5  3342.3   43.9   153.3   118 
3 1.58  3230.6   40.6   170.5   130.1 
3 1.75  3027.9   35.3   167.1   129.5 
3 1.92  2932.1   33.1   171.5   141.1 
3 2.17  2711.5   28   162.5   139.9 
3 2.42  2782.5   31.7   163   127.9 
3 2.92  2387.1   32.3   170.4   145.2 
3 3.42  2118   27.6   151.6   146.5 
3 5.42  1343.7   20.6   117.3   125.4 
3 7.42  885.9   13.5   93.2   101.2 
3 9.42  619.9   12.8   69.4   76.4 
3 13.42  365.9   11.2   52.3   45.6 
3 25.42  126.3   7.8   32.8   12.85 
4 0.5  2039.7   17.5   12.8   12.85 
4 1  2956.6   22.7   28.1   35.3 
4 1.5  2822.9   28.9   46.9   103.1 
4 1.67  2391.2   32.9   57.1   129.9 
4 1.83  2332.1   33.9   64.7   154.1 
4 2.16  2326.9   35.5   65.7   148.3 
4 2.41  2171.8   58.4   46.7   198.7 
4 2.66  2172.9   35.3   73.6   168.3 
4 3.16  1751.9   36.3   82.6   185 
4 3.66  1687.3   22.4   78.9   235.5 
4 5.66  808.3   11.9   37   192.5 
4 7.66  580   11.7   28.1   160.1 
4 9.66  352.3   9.6   23.7   128.3 
4 13.66  160.9   7.7   22.3   59.3 
4 25.66  39.3   2.15   15.6   12.85 
5 0.57  2412.5   20.2   9.6   27.9 
5 1.07  3050   38.4   28.8   96.9 
5 1.3  2622.6   44   41.5   130.5 
5 1.47  2074.9   45.2   49.9   165.1 
5 1.63  1886.4   42.3   48.1   177.1 
5 1.8  1848   39.7   56.3   175.9 
5 2.05  1675.4   38   51.8   223.3 
5 2.33  1560.6   37.7   55.3   214.4 
5 2.8  1468.7   40.6   55.2   233.4 
5 3.3  1399.3   43.9   52.3   269 
5 5.3  654   17.9   32.7   189.2 
5 7.3  405   11.7   22.2   142 
5 9.3  280.1   13.8   16.9   118.1 
5 13.3  155.7   10.4   14.7   67.8 
5 25.3  38.8   4.7   8.8   12.85 
6 0.5  2300.6   29.4   16.3   12.85 
6 1  3432.4   47.8   45.2   51.5 
6 1.5  3748.7   56.2   77.4   12.85 
6 2.17  4216.8   66.6   99.5   56.2 
6 2.33  3960.7   68.6   115.3   59.9 
6 2.5  3684.5   62.9   107.4   89.4 
6 2.75  3855.4   56.5   114.8   64.2 
6 3  3593.1   55   116.8   191.4 
6 3.5  3412.6   48.9   119.7   187 
6 4  2957.2   44.1   119.3   194.2 
6 6  2251.7   41.7   109.8   200 
6 7  1690   33.4   96   184.2 
6 9  1477   44   98   194.1 
6 13  1029.7   42.7   102.7   184.3 
6 25  314.3   22.6   54.7   39.5 
7 0.5  1826.2   22.5   33.2   12.85 
7 1  2492.3   30.7   87   57.5 
7 1.5  3057.6   36.6   160.7   150.7 
7 1.75  2902.2   38.6   180   211.5 
7 1.92  2808.8   37.4   163.1   216 
7 2.08  2785.4   37.1   166.4   237.5 
7 2.33  2708.2   37.7   164.7   261.8 
7 2.58  2428.6   33.6   168.2   294.1 
7 3.08  2249   32.5   153.4   292 
7 3.58  1825   23.6   132.1   282.7 
7 5.58  855.4   11.5   84.1   199.2 
7 7.58  612.4   12.7   61.8   182 
7 9.58  491.4   18.5   59.9   172.7 
7 13.58  239.2   10.4   36.6   97 
7 25.58  84   5.4   23.1   38.2 
8 0.5  2835.9   18.5   44.3   80.5 
8 1  3457.6   22.7   117.7   229.6 
8 1.38  2949.6   25.3   168.7   323.9 
8 1.52  2518.8   21.5   179.9   343.2 
8 1.68  2400   22.4   181.1   392.2 
8 1.85  2247.7   21.7   179.5   429.6 
8 2.1  1909.8   18.1   211   403.4 
8 2.35  1840.2   17   187.7   423.2 
8 2.85  1562.1   17.3   159.8   443 
8 3.35  1340.2   15.3   134.5   420.6 
8 5.35  691.9   9.9   87.9   379.6 
8 7.35  453.2   19.3   82.9   374.2 
8 9.35  251.2   4.8   44.5   259.5 
8 13.35  124.2   2.15   33.3   177.9 
8 25.35  37.7   1.075   20.5   72.4 
9 0.5  3010.4   26.8   51.6   36.8 
9 1  3992.6   23.4   115.7   53.9 
9 1.5  2994.8   27.9   151.7   155.9 
9 1.75  2922   27   161.1   204.1 
9 2.07  2480.6   22.9   179.4   242.4 
9 2.33  2480   26.1   186.8   248.6 
9 2.58  2191.4   23.1   162.7   269.8 
9 2.92  2707.9   27   165.2   205.4 
9 3.08  2106.8   26.6   160.2   254.1 
9 3.58  1481.2   15.8   131.5   232.9 
9 7.58  1054.2   11.1   95.9   202.8 
9 9.58  823.9   8.6   87.4   148.8 
9 13.58  451.3   4.7   63.3   105.8 
9 25.58  190.1   4.7   44.2   59.9 
9 NA   NA    NA    NA    NA 
10 0.5  2010.3   14.9   24.8   35.5 
10 1  2869.1   28.1   80.5   110.1 
10 1.5  2337.7   33.2   123.1   184.1 
10 1.67  1914.2   29.1   126.3   172.2 
10 1.83  1978.6   28.5   126.8   179.9 
10 2  1776.6   25.7   123.5   190 
10 2.25  1673   26.4   115.7   191.7 
10 2.5  1496   26   110.5   196.2 
10 3  1267   29.9   95.6   203.6 
10 3.5  1128.6   26.7   85   200.7 
10 5.5  531   12.7   50.1   142.9 
10 7.5  324.3   4.5   32.6   76.2 
10 9.5  219.7   6.1   27.3   59.8 
10 13.5  140.6   5.2   22.5   34.3 
10 25.5  35.7   2.15   12.8   -1 
11 0.5  1072.8   11.4   13.4   24.9 
11 1  2120.9   26.1   87.3   109.2 
11 1.5  2358.1   25   120   175.4 
11 1.67  2108.7   23.6   132.4   195.5 
11 1.83  2199.3   24.9   125.4   233.2 
11 2  1976   23.6   123.7   284.4 
11 2.25  1885.4   23.4   118.3   254.8 
11 2.5  1613.2   21.1   105.4   273 
11 3  1605.6   18.3   90.2   269.8 
11 3.5  1297.9   14   77.9   252.7 
11 5.5  756.6   11.6   47.1   205.1 
11 7.5  380.9   9.6   34.2   136.6 
11 9.5  281.1   10.7   35.7   110.8 
11 13.5  117.7   6.5   24.6   50.4 
11 25.5  12.9   2.15   22.1   12.85 
12 0.5  2620.2   21.3   47.2   64.8 
12 1  3751.8   31   87.5   173.3 
12 1.5  3794.9   35.7   120.3   318.8 
12 1.67  3409   33.7   128   371 
12 1.83  3760.1   35.2   147.8   389.1 
12 2  3456.5   36.7   152   354.6 
12 2.25  3536.3   38.3   156.8   379.5 
12 2.5  3207   34.6   162.5   408.5 
12 3  2782.7   28.3   144.4   413.8 
12 3.5  2291.8   17.6   133.9   403.2 
12 5.5  1549.9   24.6   122.4   442.4 
12 7.5  1059   14.4   81.1   339.6 
12 9.5  572   10.4   60.4   271.5 
12 13.5  319.9   9.6   39.5   183.4 
12 25.5  61.6   7.8   25.5   49.2 
13 0.5  1924.5   19.3   22.2   15.1 
13 1  3057.3   28.5   84.5   63.3 
13 1.42  2591.3   28.3   104.3   85 
13 1.58  2344   30.6   117.1   119.4 
13 1.75  2032.1   24.6   112.1   116.7 
13 1.92  1992.2   22   110.5   126.2 
13 2.17  1877.3   21.1   104.8   135.6 
13 2.42  1838.3   19.7   95.7   144.4 
13 2.92  1554   20.3   95.5   145.7 
13 3.42  1427.3   22.1   87   145.3 
13 5.42  666.5   9   51.1   125.5 
13 7.42  440.3   8   39.8   92.9 
13 9.42  310.8   8.3   34.9   81.8 
13 13.42  196.6   6.2   25.5   49.7 
13 25.42  50.7   2.15   20.9   15.1 
14 0.55  1732.1   24   26.8   41.7 
14 1.05  2300   24.9   61.5   70.2 
14 1.38  2302.9   25.1   84.8   97.2 
14 1.55  2101.1   23   92   107.9 
14 1.72  1997.1   21.6   83   119.3 
14 1.88  1951.4   20.5   82.1   121.3 
14 2.13  1986.5   19.5   75.8   128.7 
14 2.58  1521.8   16.7   64.9   126.9 
14 2.88  1430.8   15.8   61.1   129.5 
14 3.38  1256.4   14.9   52.3   121.1 
14 5.38  730.4   8.4   30.8   99 
14 7.38  436.1   6   20.1   73.4 
14 9.38  320   5.1   15   56.4 
14 13.38  170.5   2.15   14.2   39.3 
14 25.38  58.5   1.075   8.6   15.1 
15 0.5  2673.8   22   217.5   152.9 
15 1  3213   17.4   403.4   552.4 
15 1.33  3346   18.3   541.7   772 
15 1.5  2894   20.3   586.8   920.2 
15 1.67  2914.1   19   616.8   985.9 
15 1.75  2856.8   17.9   590.3   1132.1 
15 1.83  2833.6   16.8   551.7   1250.6 
15 2.33  2368.4   13.4   437.9   1208.8 
15 3.33  1814.1   9.8   372.4   1028.8 
15 5.33  1205.7   8.2   276.9   826.7 
15 7.33  852.9   6.1   206   704.1 
15 9.33  591.8   6.1   182.1   532.5 
15 13.33  428.9   2.15   161.5   414.8 
15 25.33  110.3   1.075   71.1   105.5 
15 NA   NA    NA    NA    NA 
16 0.5  1925.8   19.3   24.1   15.1 
16 1.08  2251.8   23.4   74   77.4 
16 1.58  2511.3   20.6   110.7   153.6 
16 1.75  2382   22.1   116.8   169.4 
16 1.85  2433.7   22.2   119.6   197 
16 2.02  2177   18.8   122.6   226.6 
16 2.27  2163.8   18.9   117.6   228.7 
16 2.52  1963.7   16.1   112.2   240.6 
16 2.85  2022.9   15.4   96.7   248 
16 3.35  1735.7   13.3   90   227.6 
16 5.35  1273.2   13.8   74.6   232.2 
16 7.35  796.5   7.5   58.5   165.2 
16 9.35  609.1   6   47.4   140.1 
16 13.35  370   7.7   45.5   102.1 
16 25.35  150.1   6   37.5   38.6 
17 0.5  2167.3   20.8   4.2   -1 
17 1  3454.6   33.6   29.6   12.85 
17 1.5  3396.5   42   58.8   46.1 
17 1.67  3509.7   47.6   73.5   81.7 
17 1.83  2622.7   47.9   83.5   105.9 
17 2  2924.1   47.8   95.8   118.6 
17 2.25  2769.8   46.5   93.4   125.4 
17 2.5  2663.6   42   99.2   133 
17 3  2357.2   41   90.8   132.5 
17 3.5  2070.6   36.8   89.8   134 
17 5.5  1275.4   25.6   74   122.2 
17 7.5  921.9   25   60.9   106.3 
17 9.5  740.8   25.2   55.7   90 
17 13.5  419.3   17.3   43.6   64.9 
17 25.5  133.4   9.8   23.7   15.1 
18 0.5  1448.3   16.8   13.5   15.1 
18 1  2137.1   24.8   52.1   59.9 
18 1.5  3042.2   30.9   84.8   119.6 
18 1.83  2072.4   30.1   107.7   127 
18 2  2001.4   29.1   110.4   133.6 
18 2.17  1994.5   28.5   115.2   141.1 
18 2.42  1955.2   26.6   108.4   150.6 
18 2.67  1896.5   25.8   108.3   160 
18 3.17  1697   23.8   102.5   181.6 
18 3.67  1500.2   19.6   91   178.1 
18 5.67  1068.4   14.3   75.3   186.6 
18 7.67  627.5   9.6   51.3   174.7 
18 9.67  443   7.2   42.9   157.2 
18 13.67  256.9   5.8   40.6   119.8 
18 25.67  96.4   4.4   31.1   60.9 
19 0.5  2638.9   19.8   27.6   12.85 
19 1  2607.9   18.5   47.7   40.3 
19 1.67  3284.8   14.1   51.5   107.4 
19 2  3103.5   10.9   47.5   113.6 
19 2.25  3066.7   10.7   47.7   135.6 
19 2.5  2966.1   6.4   52.5   146.5 
19 2.83  3124.4   12.1   50.3   110 
19 3  3132.1   8.1   50.9   179.7 
19 3.5  2912.4   7.5   43.5   180.6 
19 5.5  2120.8   6.7   41.1   187.6 
19 7.5  1435.3   6   39.3   163.5 
19 9.5  1180.4   7.6   39.4   170.6 
19 13.5  662.4   5.7   34.4   110.1 
19 25.5  177.5   2.15   24.4   12.85 
19 NA   NA    NA    NA    NA 
20 0.5  2049.3   14.6   16.2   12.85 
20 1  3057.3   23.3   39.6   88.5 
20 1.5  3456   24.2   72.4   93.6 
20 1.62  3055.6   29.8   76.1   130.7 
20 1.78  2973.3   29.7   83.2   150.3 
20 1.95  2842.1   28.9   94   146.3 
20 2.2  2808.6   29   89.5   163.9 
20 2.45  2832.6   27.4   95   181.8 
20 2.95  2491.1   27.6   87   199.5 
20 3.45  2207.2   20.7   74.6   181 
20 5.45  1338.2   18.8   66   163 
20 7.45  898.9   17.7   57.2   159.9 
20 9.45  650.7   11.5   51.6   113.4 
20 13.45  410.3   7.6   33.7   79 
20 25.45  115.3   4.6   19.6   12.85 
21 0.75  2253.2   32.2   49.5   149.5 
21 1  2995.1   39.1   82.5   276.7 
21 1.5  2511.9   42   122.5   426.7 
21 1.67  2554.2   43.7   136   489.5 
21 1.83  2554.8   44.8   146.7   539.4 
21 2  2448.4   46   155.9   536.4 
21 2.25  2440.6   46.2   131.5   606.6 
21 2.5  2265.8   37.4   133.4   608.5 
21 3  2455.2   40   134.5   670.5 
21 3.5  2101.3   40.1   117.4   663.6 
21 5.5  1478   42.9   114   693.9 
21 7.5  852.3   22   67   484.1 
21 9.5  614.4   31.1   67.2   454.5 
21 13.5  353   19.1   50.2   290.3 
21 25.5  118.4   13.6   25.1   100.1 
22 0.5  1935.9   34.9   40.7   56.5 
22 1  2976.2   39.5   93.9   159.5 
22 1.5  3114.2   35.5   148.2   312.8 
22 1.67  2918   30.1   148.1   358.3 
22 1.83  3132.6   31.8   153.9   434.2 
22 2  3152.8   35.4   147.1   479.8 
22 2.25  2584.9   32   118.1   448.1 
22 2.5  2979   36.4   151.8   528.6 
22 3  2724.5   37.9   157.4   603.3 
22 3.5  2354.8   34.1   142.9   604.7 
22 5.5  1348.8   13.5   90   461.6 
22 7.5  1363.9   41   100.4   564.7 
22 9.5  946.7   31.9   88   492.4 
22 13.5  516.9   19.7   70   314.5 
22 25.5  151.3   9.6   37.4   107.5 
23 0.5  2565   23.6   21.5   30.2 
23 1  3938.1   44   102.9   159.3 
23 1.42  4561.9   43.2   131   208.9 
23 1.58  3203.8   49.2   145.4   225 
23 1.75  3443.1   54.4   174.9   354.9 
23 1.92  3254.7   46   156.3   274.9 
23 2.2  3263.9   49.2   172.9   383 
23 2.42  3072.3   45   174.7   430.8 
23 2.92  2886.8   36.6   168.4   456.9 
23 3.42  2669.8   31.8   158.8   450.9 
23 5.42  1699.6   22.6   117.1   451.8 
23 7.42  1168.5   20.8   100.2   402.7 
23 9.42  1041.2   26.9   105.7   430.4 
23 13.42  647.2   23   91.7   368 
23 25.42  213.8   11.2   48.5   135 
24 0.5  2626.5   25.5   20.8   30.2 
24 1.17  4124.1   56.9   104.4   62.8 
24 1.5  3740.2   68.7   162.9   94 
24 1.67  3900.1   71.1   181.4   110.8 
24 1.83  3429.8   66   162   103.5 
24 2  3354.6   62.6   191.8   114.8 
24 2.25  3300.4   58.8   212   122.7 
24 2.5  3175.3   56.5   206.7   131 
24 3  2956.3   49.5   213.9   116 
24 3.5  1961.3   34.2   154.8   82.2 
24 5.5  2156.3   35.2   209.9   111.1 
24 7.5  1823   31.3   199.4   113.1 
24 9.5  1511.3   28.2   209.1   106.8 
24 13.5  916   23   156.8   71.6 
24 25.5  477.6   12.6   81.4   30.2 
25 0.5  2320.4   34   19.5   30.2 
25 1  2920.5   43.5   78.8   62.8 
25 1.5  3647.7   59.3   114.8   116.3 
25 1.67  3064.5   61.1   131.8   126.8 
25 1.83  2648   71.1   134.7   185 
25 2  2569.8   65.1   148.2   185.7 
25 2.25  3634.7   69.7   151.5   215.7 
25 2.5  2369   64.1   160.6   195.2 
25 3  2220.2   83.7   163   229.2 
25 3.5  1903.4   62.1   135.8   217.9 
25 5.5  1010.9   36.5   96.3   170.1 
25 7.5  719.5   29.5   78.5   144.8 
25 9.5  473.3   26.1   59.9   124 
25 13.5  289.7   15.8   46   76 
25 25.5  98.1   5.1   28.2   30.2 
26 0.5  2176.5   29.6   68   44.4 
26 1  3357.5   36.5   162.4   177.5 
26 1.58  3342.6   41.9   280.1   444.9 
26 1.67  3250   40.5   297.1   442.2 
26 1.83  3412.1   40   310.1   531.6 
26 2  3239.1   37.1   283.7   540.2 
26 2.25  2987.7   35.4   306   513.3 
26 2.5  2939.9   33.4   313.3   550.5 
26 3  3028.9   35.1   323.8   666.6 
26 3.5  2658.2   31.6   336.9   655.1 
26 5.5  2290.4   27.3   340.8   825.8 
26 7.5  1752.1   24.8   341.1   806.6 
26 9.5  1458.8   24.6   318.6   817.7 
26 13.5  963.1   20.9   266.4   712.8 
26 25.5  309.3   8.5   146.9   275.6 
27 0.5  1205.1   13.9   11.3   30.2 
27 1  1542.2   18.9   32.5   30.2 
27 1.5  2668.7   25.2   64.9   56.4 
27 2.17  2310.8   32.7   96.7   107.3 
27 2.33  2343   32   106   98.4 
27 2.5  2448.9   32.5   106.7   110.9 
27 2.75  2237.3   29.7   109.2   117.5 
27 3  2173.2   29.9   107.8   138.8 
27 3.5  1975.4   28   101.5   147.9 
27 4  1522   22.7   79.8   137.7 
27 6  945.4   15.9   56.6   115.1 
27 8  534.8   7.6   37.2   74.1 
27 10  382.6   7.8   32.9   63.2 
27 14  239.3   10.6   32.7   45 
27 26  51.1   4.6   12   30.2 
28 0.5  2119.1   21.3   21.2   33.2 
28 1  3078.6   27.4   49.7   89.6 
28 1.5  2790.8   31.5   82.2   155.4 
28 1.67  2707.4   32.7   91.4   193.8 
28 1.91  2608.3   31.1   91.7   197.7 
28 2.08  2574.5   32.4   99.5   224.3 
28 2.25  2370.4   31.2   97.9   216.8 
28 2.5  2317.9   32.9   100.6   214.1 
28 3  2113.6   31.8   106.1   243.4 
28 3.5  1684.5   26.5   100.6   241.9 
28 5.5  1078.6   15.6   72.5   215.9 
28 7.5  819.2   15.1   69.5   205.9 
28 9.5  660.4   16.2   61.3   221.8 
28 13.5  409.1   14.5   51.1   166.6 
28 25.5  130.7   6   24.7   41.1 
29 0.5  1943.4   30   18.7   30.2 
29 1  2610.7   38.3   42.7   78.8 
29 1.5  2912.6   43   87.3   200.7 
29 1.67  2853.7   35.3   91.9   268.8 
29 1.83  2746.6   32.2   85.8   269.8 
29 2  2659.1   33.4   91.8   288.6 
29 2.25  2357.6   29.1   85.3   307 
29 2.5  2352.3   30.6   88.7   341.2 
29 3  2143.4   29.2   77.9   361.2 
29 3.5  2055.4   30.7   77.4   398.3 
29 5.5  1191   17.6   47.7   341.1 
29 7.5  785.8   14.9   33   289.8 
29 9.5  535.6   11.8   27.4   241.6 
29 13.5  322.5   10.7   33   162.6 
29 25.5  120   5.9   12.6   54.5 
30 0.5  2263   18.2   22.1   30.2 
30 1  3684.9   30.6   97.3   101.6 
30 1.5  2984.4   34.3   153.7   157.7 
30 1.67  3152.6   33.1   177.3   177.5 
30 1.83  3074.4   34.5   169.6   186.8 
30 2  3068.8   34.2   175.1   200.4 
30 2.25  2831.4   28   167.2   191.1 
30 2.5  2853.8   30.4   194.2   222.5 
30 3  2451.1   27.7   197.9   249.4 
30 3.5  2247.5   28.5   202.8   260.5 
30 5.5  1916.6   27.7   169.9   298.8 
30 7.5  1288.7   21.3   140   289.9 
30 9.5  1021.9   21.5   116.7   261.9 
30 13.5  584   14.1   109.5   186.2 
30 25.5  181.7   4.3   53.6   41.7 
31 0.5  1562   10.9   12.4   30.2 
31 1  2572.8   23.6   50.7   114.1 
31 1.5  3744.8   30.6   137.1   308.2 
31 1.67  2941.3   32.5   162.1   364.5 
31 1.83  2914.8   32.5   165.5   448.1 
31 2  2541.5   27.2   175.3   459.9 
31 2.25  2697.4   28.9   179.2   518.6 
31 2.5  2560.1   31.2   195.8   550.8 
31 3  2354.7   34.2   193   574.4 
31 3.43  2212.5   32.2   183.4   608.7 
31 5.5  1667   38.6   172.8   661.1 
31 7.5  1107.7   31.2   129.3   604 
31 9.5  637.7   12.1   90.9   402.5 
31 13.5  367.2   9.7   61.7   243.8 
31 25.5  122.8   7.3   32.9   83.3 
32 0.5  2501.8   21.3   62.7   53.8 
32 1  4101.2   33.1   209.5   293.9 
32 1.5  3559.6   39   294.1   526.1 
32 1.67  3341.8   42.1   334.1   599 
32 1.83  3619.3   48.6   402.8   750.6 
32 2  3767.4   50.9   425.3   946.4 
32 2.08  3716.3   56.8   520.2   1122.5 
32 2.33  3394.1   48.4   485.7   1141.5 
32 2.83  3676.1   59.2   575.4   1466.2 
32 3.33  3498.3   58   667.2   1682.4 
32 5.33  2389.5   26.4   569.1   1599.7 
32 7.33  2010.4   39.5   544.5   1788.5 
32 9.33  1222.1   19.3   432.3   1405.5 
32 13.33  609.8   9.4   295.1   982.9 
32 25.33  147.9   5.3   88.4   341.7 
33 0.5  4507.7   43   15   38.4 
33 1  4975.2   45.6   56.3   109.2 
33 1.5  5486.8   57.2   72.5   173.3 
33 1.67  5189.8   61.6   94.9   233.3 
33 1.83  4740.1   57.1   96.4   256 
33 2  4683.5   50.2   94.8   271.4 
33 2.25  4040.5   44.3   102.9   269.5 
33 2.5  3919.6   40.3   104.6   260.6 
33 3  3659.3   39.5   95.1   278.7 
33 3.5  3261   36.8   94   245.9 
33 5.5  2454.3   24   84.7   237.8 
33 7.5  1999.9   30.4   79.3   244.8 
33 9.5  1541   22.9   66.8   220 
33 13.5  1087.9   22.8   58.5   171.6 
33 25.5  408.5   5.8   35.6   63 
34 0.5  3777.6   104.3   65.9   388 
34 1  5668.7   95.1   90.1   982 
34 1.5  7305.3   106.6   147.2   1705.1 
34 1.67  5817   111.5   158   2060.3 
34 1.83  5820.3   112.9   195.3   2472.7 
34 2  5791.3   113.4   191.8   2541.8 
34 2.25  5715.3   106.5   197.9   2785.7 
34 2.5  5291.5   98.9   234.9   2834.7 
34 3  5646.8   122   247.5   3278.8 
34 3.5  5434.8   162.1   312.2   2537.1 
34 5.5  4732.5   140.9   335.9   3034.3 
34 7.5  3688.4   126.6   330.7   3469.6 
34 9.5  2613.3   98.4   339.3   2625.4 
34 13.5  1630.1   57.3   221.6   2358 
34 25.5  707.6   24.1   137.3   1316.2 
35 0.5  2744.5   11.4   30   38.4 
35 1  3699.7   16.3   85.4   78.8 
35 1.5  4446.8   20.5   139.9   168.5 
35 1.7  3345.4   20.4   163.6   239.8 
35 1.87  3148.6   21.9   166.7   249.6 
35 2.05  3108.5   21   185.2   290.5 
35 2.28  2986.5   20.5   190.4   327.9 
35 2.53  2630.5   20.9   180.2   296.4 
35 3.05  2476   22.7   190.6   358.7 
35 3.53  2197.6   18.3   186.1   351.6 
35 5.53  1489.2   13   144.4   325.1 
35 7.53  1023.8   12.5   109.1   272.9 
35 9.53  617.2   6.9   82.8   160.3 
35 13.53  450.6   5.8   76.4   124 
35 25.53  124.8   5.8   50.2   79.5 
36 0.5  2912.8   27.7   71.6   38.4 
36 1  4549.9   43.4   162.5   171.4 
36 1.5  4811.9   33.2   186.2   292.8 
36 1.75  3551.6   28.2   200.1   363.6 
36 1.92  3464.3   27   205.6   397.1 
36 2.08  3168.6   24.3   195   396.1 
36 2.33  3197.5   27.8   191.1   445.2 
36 2.58  2842.5   26.1   165.7   257.6 
36 3.08  2542.8   25.6   157.4   457.9 
36 3.58  2008.5   20.2   136.6   400.3 
36 5.58  1135   16.3   98.1   277.7 
36 7.58  724.8   18.3   102.4   208 
36 9.58  523.6   10   67   210.4 
36 13.58  291.3   12.3   76.8   70 
36 25.58  128.1   5.8   57.7   38.4 
37 0.5  3172.3   19.8   36.6   37.5 
37 1  4198.5   26.4   106   204.5 
37 1.5  5126.9   27.6   130.5   294.8 
37 1.75  3670.6   29.6   126.7   416.8 
37 1.92  3724.2   28.8   138.4   451.6 
37 2.08  3655.2   28.7   135.6   471.6 
37 2.33  3437.6   28.1   133.7   476.3 
37 2.58  3393.6   33.2   116.6   507.7 
37 3.08  3274.2   31.9   115.4   507.7 
37 3.58  2706.4   28.4   103.1   503.3 
37 5.58  1687.5   19.1   75.5   388.7 
37 7.58  969.3   14.3   56.2   278.8 
37 9.58  742.6   12.9   47.9   229.2 
37 13.58  391.6   11.7   39.1   144.9 
37 25.58  126.2   9.5   26.4   57.1 
38 0.5  2653.2   20.8   9.7   -1 
38 1  3531.1   34   26.7   -1 
38 1.5  4948.6   49.1   51.6   45.3 
38 1.67  3435.2   52.9   66   38.4 
38 1.83  3625   53   68.6   69.6 
38 2  3556.6   56.1   94.4   96.7 
38 2.25  3508.3   58.4   94   116.8 
38 2.5  3034.6   46.9   102.4   127.3 
38 3  2706.7   30.1   95.1   136.1 
38 3.5  2460.4   28   88.4   140.4 
38 5.5  1757.7   32.9   65.8   135 
38 7.5  1103.8   15.6   44.1   105.4 
38 9.5  826.7   15   36.4   79.1 
38 13.5  464.6   13.6   32.9   39.7 
38 25.5  130.7   7.3   17.1   38.4 
39 0.5  2264   12   6.1   29.2 
39 1  3413   18.5   43.3   72.9 
39 1.5  4080.4   23.1   74.5   153.7 
39 1.7  3084.2   20.6   92   181 
39 1.87  3140.3   22   100   250.5 
39 2.03  2876.7   19.8   98.3   257.4 
39 2.28  2698.6   18.4   88.7   261.6 
39 2.53  2152.3   16.8   77.3   272.6 
39 3.03  1916   25.1   88.9   328.8 
39 3.53  1564.7   16.1   75   289.7 
39 5.53  711.4   7.4   37.5   200.9 
39 7.53  499.4   7.6   27.2   149.8 
39 9.53  391.9   8.9   26.7   132.3 
39 13.53  213.1   4.2   22.6   81.1 
39 25.53  54.2   4.2   11.1   29.2 
40 0.5  2644.1   26.3   24.5   38.6 
40 1  3360.5   36   80.9   131.6 
40 1.5  4569.2   47.4   135.9   157.7 
40 1.73  3711.7   50.4   165.5   286.3 
40 1.9  3558.2   47.5   176.7   299.2 
40 2.07  3577.5   45.9   186.9   315.5 
40 2.32  3467.6   45.2   171.7   328.2 
40 2.57  3156   44.7   179.6   300.9 
40 3.07  3099.9   50.6   194.4   344.5 
40 3.57  3102.7   57.2   203.5   375.7 
40 5.57  1891.3   37.6   163.3   347.2 
40 7.57  1635.2   46.4   159.7   394.5 
40 9.57  1189.4   42.1   142.9   365.8 
40 13.57  671.6   25.9   99.1   260.4 
40 25.57  186.3   8.9   46.3   78.8 
41 0.5  1777.9   23.5   19.9   38.4 
41 1  3269.1   28.6   44.2   96.7 
41 1.5  3612.1   29.5   53.6   124.9 
41 1.58  2727.8   38.5   71.4   195.7 
41 1.75  2948.7   37.4   61.6   205.2 
41 1.92  2852.7   41.8   78   220.7 
41 2.17  2468.6   29.6   81   257.3 
41 2.42  2437.6   24.5   78.3   267.7 
41 2.92  2257   22.9   69.8   265.5 
41 3.42  1860.6   20.5   62.7   259.9 
41 5.42  890.7   17.1   41.9   184.9 
41 7.42  591.4   17.3   40   155.6 
41 9.42  389.3   16.2   35.1   120.8 
41 13.42  210.5   17.9   34.1   76.7 
41 25.42  52.6   7.2   22.7   38.4 
42 0.5  2496.2   14.9   52.3   50.3 
42 1  3165.4   22.2   115.9   130.7 
42 1.5  3836.5   27.4   190   223.7 
42 1.67  2977.2   27.5   204   273.5 
42 1.83  2991.5   28.5   209.8   293.9 
42 2  3160.5   28.9   217.8   321.8 
42 2.25  2815.7   29.2   213.7   348 
42 2.5  2702.1   29.5   237.6   369 
42 3  2230.9   23.6   205.6   363.1 
42 3.5  1949.1   18.6   193.6   366.1 
42 5.5  1191.3   9.7   130   309.7 
42 7.5  830.8   7   87   271.8 
42 9.5  636.7   6   68.6   238.3 
42 13.5  438.6   6.5   62   197.8 
42 25.5  166.3   4.2   43.1   80.1 
43 0.5  3196.4   39   86   56.3 
43 1  4874.9   49.9   259.7   308.3 
43 1.5  4488.2   51   287.5   367.3 
43 1.75  3819.4   49.5   365.8   489.5 
43 1.92  3706.9   48.2   366.4   517.8 
43 2.08  3763.2   37.4   390.6   570.8 
43 2.33  3788.8   36.2   372.3   595.2 
43 2.58  4050.6   60.1   390.3   808.9 
43 3.08  4054.6   61.1   409.1   782.5 
43 3.58  3750   62.1   417.9   898.9 
43 5.58  2785.6   49.7   370.4   920.7 
43 7.58  2083.6   29.6   299.9   766.8 
43 9.58  1426.8   17.3   224.5   594.6 
43 13.58  993.7   20.5   183.2   494.6 
43 25.58  276.8   5.8   84.7   92.1 
44 0.5  3132.3   42.5   48.1   38.4 
44 1  4393.2   64.4   146.8   220.7 
44 1.5  4306.2   63.8   191.3   366.7 
44 1.75  3715.2   68.2   249.6   605.9 
44 2.08  4210.9   50.1   205   590.8 
44 2.33  3476.9   46.8   257.8   666 
44 2.58  3215.2   42.8   257.7   678 
44 3.08  2832.8   40.7   251.4   656.8 
44 3.58  2774.6   36.4   213.6   691.4 
44 5.58  1874.8   31.5   186.1   619.9 
44 7.58  1136.2   16.7   124.1   442.2 
44 9.58  790.9   12.8   82.3   299.5 
44 13.58  464.7   9.1   54.2   169.5 
44 25.58  144.8   6.9   27.4   38.4 
44 NA   NA    NA    NA    NA 
45 0.5  3092.1   16.2   25   29.2 
45 1  4082.9   21.8   73.4   129.4 
45 1.5  3140.8   20.9   111.6   197.5 
45 1.75  3342.2   20.7   105.1   278.5 
45 1.92  3258.2   20   111.2   286 
45 2.08  3177.3   20.1   109.7   313 
45 2.33  3001.7   20.4   112.5   313.3 
45 2.58  2917.4   23.3   101.7   335.4 
45 3.08  2581.9   22.8   100.6   347 
45 3.58  2323.7   25.6   94.4   327.1 
45 5.58  1369.7   13.9   65.9   272.7 
45 7.58  934.4   10.5   47.3   192.2 
45 9.58  654.7   9.1   41.2   142.9 
45 13.58  456.5   9.3   41.5   89.3 
45 25.58  156   7.3   30.2   29.2 
46 0.5  2439   14.8   46.4   38.4 
46 1  3586.9   17.3   84.7   79.7 
46 1.5  4671.4   21.4   125.9   224.5 
46 1.67  4209.1   20   138.9   264 
46 1.83  4112.2   18.2   145.4   348.7 
46 2.25  3646.1   15.5   153.9   366.6 
46 2.5  3879.1   19.4   150.7   418.8 
46 3  3697.4   19.5   136.3   485.7 
46 3.5  3199.1   15.4   137.9   489.8 
46 5.5  2508.2   12.2   127.6   534.2 
46 7.5  1828.6   11.6   108.3   495.1 
46 9.5  1245.2   9   92.6   419.8 
46 13.5  940.1   8.7   76.2   315.3 
46 25.5  367.2   5.9   59.1   128.4 
46 NA   NA    NA    NA    NA 
47 0.5  1925.7   9.5   15.8   38.4 
47 1  2943.2   13.3   48.5   131.3 
47 1.5  3607   13.8   80.3   315.4 
47 1.75  3210.6   14.5   75.5   373.9 
47 1.92  3279.1   13.6   94.9   422 
47 2.08  3737.3   9.7   100.7   508.6 
47 2.33  3445.5   9.3   89.2   560.4 
47 2.58  2883.3   11.2   101.9   523.8 
47 3.08  2725.2   11.3   100.5   521.8 
47 3.58  2399.7   9.7   96.3   538.6 
47 5.58  1654.3   6.4   78.5   462.3 
47 7.58  1142.5   5.8   68.5   394.2 
47 9.58  833.4   6.2   61.9   327.2 
47 13.58  547.3   5.8   53.9   233.9 
47 25.58  312.6   5.8   38.2   87.7 
48 0.5  2080.1   20.9   38.5   15 
48 1  3274.8   35.1   132.4   107 
48 1.5  4126.6   40   187.7   179.4 
48 1.7  3216.8   37.6   211.1   248.4 
48 1.87  3502.5   38   226   290 
48 2.03  3219.2   32   214.7   291.1 
48 2.28  3002.4   32.9   212.3   327.2 
48 2.53  2672.2   32.9   225.6   372.1 
48 3.03  2337   27.9   200.8   346.8 
48 3.53  2146.5   24.8   174.7   350.3 
48 5.53  1494.5   24   137.3   303.1 
48 7.53  1066.7   16.5   109.1   265.7 
48 9.53  776.9   15.2   90.7   234 
48 13.53  456   9.6   72.6   141.2 
48 25.53  133.8   7.9   -1   40.2 
49 0.5  2666   20.1   8.8   29.2 
49 1  3691.7   37.7   43.8   150.5 
49 1.5  4879.2   53.3   85.5   218.9 
49 1.75  4483.2   64.8   110.4   348.6 
49 1.92  4472.7   71.6   118.7   382.6 
49 2.08  4420   74.6   128.3   406.1 
49 2.33  4514.3   78.8   135.2   430.5 
49 2.58  4508.2   68.8   130.3   490.7 
49 3.08  4233.6   76.5   147.7   537.4 
49 3.58  3939.4   70   149.8   508 
49 5.58  3128.6   69.9   137.6   548.4 
49 7.58  2086.3   50.8   113.1   451.2 
49 9.58  1602   42.2   89.8   389.5 
49 13.58  1055.5   31.5   68.4   293.7 
49 25.58  468.7   35.9   55.8   106.4 
50 0.5  2034.2   14.9   21.7   15 
50 1  2492.4   25   91.6   38.4 
50 1.5  3339.5   26   94.1   84.3 
50 1.67  2156.4   30.6   123.9   104.2 
50 1.83  2036.7   29.8   129.3   104.8 
50 2  1910.3   25.3   128   116.4 
50 2.25  1882.9   24.5   121.9   133.6 
50 2.5  1909.8   26.8   119   125.1 
50 3  1635.8   22.7   123.3   157.5 
50 3.5  1491.6   19.1   111.2   151.5 
50 5.5  1046.3   17.1   85.9   152.9 
50 7.5  652   13.7   74.6   128 
50 9.5  555.2   11.6   71.7   115.1 
50 13.5  364.1   8.3   50.3   76.1 
50 25.5  169.5   5.8   53.6   38.4 
51 0.5  2422.9   7.9   26.6   15.9 
51 1  3045.4   23.6   72.1   108.7 
51 1.5  4692   46.1   181.6   274.3 
51 1.75  3785.9   55.3   222.2   350.6 
51 1.92  3367.2   57.9   241   404.8 
51 2.08  3156.3   61.7   253   440.8 
51 2.33  3050.4   59.5   249.7   508 
51 2.58  2513.9   48   246   455.1 
51 3.08  2523.2   57   247.9   535.8 
51 3.58  2297.3   50.1   253.6   545.9 
51 5.58  1440.8   27.9   185.7   441.6 
51 7.58  960.2   20.9   142.7   355.5 
51 9.58  710.1   16.8   122.3   342.3 
51 13.58  457.8   15.5   102.1   253.8 
51 25.58  179.1   14.2   72.7   97.2 
52 0.52  3224.5   10.3   6.7   38.4 
52 1.02  4614.5   13   24.4   38.4 
52 1.52  5769   16.6   44.8   78.1 
52 1.77  3844.6   15.8   58.5   90.6 
52 1.93  4164.8   16.2   55.2   121.8 
52 2.1  2846.9   14.1   61.9   137.9 
52 2.35  3554.6   13.4   65.2   141.2 
52 2.6  3065.8   15.4   55.3   129.8 
52 3.1  2622.5   14   53.9   132.6 
52 3.6  2372.9   13.2   51.5   147 
52 5.6  1402.5   11.3   37.4   129.5 
52 7.6  1012.6   13   39.7   129.4 
52 9.6  722.8   6.9   23.9   88.3 
52 13.6  481.7   10.6   22.1   68.4 
52 25.6  134.4   5.8   13.5   38.4 
53 0.5  2403.3   15   33.7   38.4 
53 1  3671.4   27.3   57.7   38.4 
53 1.5  4229.5   45.6   147.1   97.8 
53 1.75  3558.7   49.3   176   105.8 
53 1.92  3491.5   49.1   171.6   128.8 
53 2.08  3523.7   42.7   173.4   131.2 
53 2.33  3570.3   43.9   184.5   150.5 
53 2.58  3365.2   51.2   229.2   165.7 
53 3.08  3415.8   57.3   241   204.9 
53 3.58  3104.6   46.4   215.9   258.6 
53 5.58  2295.1   30.4   176.2   259.3 
53 7.58  1680   20.1   145.1   232.7 
53 9.58  1261.4   12.4   97.8   225 
53 13.58  738.5   12.6   82.5   159.4 
53 25.58  200.8   -1   77.1   44.9 
54 0.5  2469.6   15.7   22.6   38.1 
54 1  3550.6   19.2   36.6   134.2 
54 1.5  3508.5   25.5   64   354.3 
54 1.83  3452.9   24.2   62.3   399.8 
54 2  3266.4   30.9   64.3   479.4 
54 2.17  3216.7   23.9   68.8   496.7 
54 2.42  3230.7   27   68.1   522.8 
54 2.67  3207.5   31.6   75.4   544.1 
54 3.17  3257.9   38.1   78.1   580.1 
54 3.67  2881.1   39.6   78.9   569.7 
54 5.67  2013.1   22.5   72.5   489 
54 7.67  1465.9   18.1   58.8   379.1 
54 9.67  1108.4   17.3   47.6   293.7 
54 13.67  709.2   17.7   66   193.3 
54 25.67  174   5.8   15.6   48.4 
55 0.5  2467.4   24.9   16.2   38.4 
55 1  3743.8   47.6   54.4   46.7 
55 1.5  3491.2   65.5   88.7   95.1 
55 1.75  3334.8   81.6   110.6   118.2 
55 1.92  3615.5   87.1   116.9   136.6 
55 2.08  3386.1   77.5   112.4   147.3 
55 2.33  3178.4   69.4   117.5   163.3 
55 2.58  2753.7   45.8   95.4   127.3 
55 3.08  2691.9   38.9   91.9   124.5 
55 3.58  2016.4   25.3   77.5   148.7 
55 5.58  1162.9   12.9   46.8   104.9 
55 7.58  765.6   11.4   30.8   76.8 
55 9.58  569   7.9   33.9   63.9 
55 13.58  355.4   7.9   33.4   43.2 
55 25.58  117.5   7.9   16   15 
56 0.5  2024.3   11.4   21.9   15 
56 1  3172.3   22.5   53.1   38.4 
56 1.5  5113.3   36.5   132.2   60.2 
56 1.83  4015.2   42.6   168.6   84.4 
56 2  3792.1   38.4   183.7   118.1 
56 2.17  3727.4   39.9   188.2   148 
56 2.42  3812.8   39.9   190.6   139.8 
56 2.67  3228   37.7   194   149.1 
56 3.17  3310.6   43.6   207.1   197.6 
56 3.67  3077.7   55.6   217.7   216.6 
56 5.67  2211   40.7   187.2   224.5 
56 7.67  1687.7   47.3   187.5   220.6 
56 9.67  1222.5   23.2   142.2   174.2 
56 13.67  727.5   15.7   102.1   100.3 
56 25.67  264.4   8.4   55.4   38.4 
57 0.5  2294.6   16   9.7   -1 
57 1  2831.8   26.1   29.1   38.4 
57 1.5  3605.8   37.8   55.4   64.4 
57 1.75  3012.9   44.7   77   95.8 
57 1.92  3024.5   48.6   81.6   110.6 
57 2.08  2996.2   45.7   91.9   126.2 
57 2.33  3152.7   52.2   88.5   149.2 
57 2.58  2922.1   48.3   88.8   148.3 
57 3.08  2510   44   88   174.5 
57 3.58  2188.7   41   80.8   167.8 
57 5.58  1342.6   28   57.2   143.7 
57 7.58  898.1   19.2   46.2   114.5 
57 9.58  622.8   13   39.1   94.5 
57 13.58  387.9   10.6   26.3   62 
57 25.58  102.8   5.2   13.7   -1 
58 0.5  2239.9   20.7   30.8   15 
58 1  3280   23.2   77.1   77.7 
58 1.5  2796.2   23.8   129.5   209.3 
58 1.67  2687.7   25.5   135.4   224.6 
58 1.83  2785.3   24.5   139.6   245.4 
58 2  2582.1   22.4   138.9   264.5 
58 2.25  2448   18.2   138.5   287.5 
58 2.5  2606.7   18.6   143.4   327.9 
58 3  2490.8   22.6   148.7   354.4 
58 3.5  2271.9   19.9   141.7   389.7 
58 5.5  1402.4   7.2   97.9   319.1 
58 7.5  1053.3   8.5   79.9   314.6 
58 9.5  840.2   9.9   77   290.4 
58 13.5  537.7   7.9   58.9   185.8 
58 25.5  170.8   7.9   56.2   46.7 
59 0.5  2996.7   49.5   49.5   68.9 
59 1  3138.4   54.5   65.1   91.3 
59 1.5  3487.2   43.1   92.9   124.1 
59 1.75  2574.4   34.2   90.7   149.6 
59 1.92  2696.8   39.4   90   149.2 
59 2.08  2467.7   31.9   87.7   160.8 
59 2.33  2417.7   29.7   84.9   164.9 
59 2.58  2286   28   74.1   125.8 
59 3.08  1622.1   18.6   66.9   110.1 
59 3.58  1620   18.2   63.4   106 
59 5.58  944.6   10.2   38.2   84.8 
59 7.58  609.2   7.9   35.2   57 
59 9.58  433.6   7.9   26.3   44.1 
59 13.58  301.5   7.9   20.9   29.1 
59 25.58  57.6   7.9   9.6   -1 
60 0.5  1574.9   13.9   11   15 
60 1  2621.3   29.4   49.3   61.8 
60 1.5  2575.9   38   106.8   112.2 
60 1.67  2485.1   43.2   123.7   146 
60 1.83  2499.6   44.1   126.7   182.2 
60 2  2268.3   43.9   115.9   177.2 
60 2.25  2309.5   45.5   139.2   210.2 
60 2.5  2539.4   45.2   163.3   282.9 
60 3  2156.3   44.4   138.7   271.1 
60 3.5  2313   39.9   139.8   297.7 
60 5.5  1588.1   28.9   119.9   312.1 
60 7.5  964.1   19   98.7   293.3 
60 9.5  772.3   13.2   88.4   254.5 
60 13.5  397.4   10.2   69.6   196.3 
60 25.5  154.2   8.2   42.2   107.1 
61 0.5  2597.7   21.9   9.6   15 
61 1  3152.7   30.8   35   23.8 
61 1.5  3592   34.6   70.4   70.1 
61 1.67  3054.9   35.2   81.8   78.9 
61 1.83  3101.4   34.6   76.2   96.2 
61 2  2677.9   32.1   77.6   100.3 
61 2.25  2633.3   32.9   95.6   129.3 
61 2.5  2473.8   32.2   98.4   145.9 
61 3  2323.9   31.2   100.1   156.5 
61 3.5  1911.3   31.9   85.5   157 
61 5.5  1524   23.5   78.6   161.3 
61 7.5  1176.2   23.2   63.6   159.4 
61 9.5  918.9   24.4   57.4   140.1 
61 13.5  519.9   16   38.2   83.3 
61 25.5  258.3   11.8   40.7   41.5 
62 0.5  3127.7   62.8   73.2   120.7 
62 1  1179.4   6.9   1.2   17.7 
62 1.5  1531.3   33.9   19.9   33.6 
62 1.92  3601.7   53.1   56.8   122.7 
62 2.08  2954.7   64.4   78.1   182.2 
62 2.25  2855.4   57.7   78.4   186.9 
62 2.5  2555   52.7   84.1   210.4 
62 2.75  2509.4   57.5   99.6   207 
62 3.25  2233.9   50.8   96.3   199.5 
62 3.75  1748.7   39.7   84.3   213.1 
62 5.75  1085.3   30.4   68.9   240.8 
62 7.75  771.7   21.5   44.6   182.3 
62 9.75  567.8   21.2   38.9   172.1 
62 13.75  329.3   13.5   25.2   104.2 
62 25.75  139.9   8.1   18.3   33 
63 0.5  1576.8   17.1   28.9   -1 
63 1  3265.2   28.5   98.4   182.2 
63 1.5  3102.8   30.7   128.3   282.8 
63 1.67  3101.6   30.8   137.3   335.4 
63 1.83  3171.1   31.6   147.4   400.2 
63 2  3140.9   32.9   161.7   471.5 
63 2.25  2956.7   32.7   147.3   484.6 
63 2.5  2599.7   38.2   149.3   463.1 
63 3  2531.5   49.7   170.3   554.5 
63 3.5  2288.4   59.3   179.7   628 
63 5.5  1515.2   27.7   126.4   547.1 
63 7.5  1053.5   27   94.1   521.9 
63 9.5  734.1   21.1   75.1   428.6 
63 13.5  450.2   19.4   54.5   309 
63 25.5  152.4   11.7   30.5   68.5 
64 0.5  3217.6   37.5   53.8   15 
64 1  3793.5   28.8   77.9   73.3 
64 1.5  3630.4   26.9   95.6   167.3 
64 1.67  3406   25.6   110.2   214.4 
64 1.83  3654.9   28.6   111.7   246.9 
64 2  3444.8   25.9   114.9   265.4 
64 2.25  3402.8   25.9   105.2   297.5 
64 2.5  2801.3   26.3   104.9   232.6 
64 3  2685.3   30.2   99.2   275.9 
64 3.5  2759.5   43   98.3   334.9 
64 5.5  1549   22.3   80.1   282.4 
64 7.5  1296.3   31.2   73.4   324.1 
64 9.5  952.2   23.9   57.8   283.7 
64 13.5  588.5   17.4   52.4   208.2 
64 25.5  158.5   7.9   29.4   54.2 
65 0.58  2317   30.9   45.8   15 
65 1.08  2723.5   28.7   90.5   83.8 
65 1.58  3907.7   19.4   110.4   223.6 
65 1.75  3360.2   18.2   124.2   363.2 
65 1.92  3360.4   16.1   122.9   382.1 
65 2.08  3430   13.1   117.8   436.1 
65 2.33  3232.7   11.9   114.5   437.7 
65 2.58  3506.8   17.9   135.1   501 
65 3.08  3282.5   19.2   132.6   576.6 
65 3.58  3134.8   23   138.5   644.5 
65 5.58  1492.6   7.9   111.2   203.9 
65 7.58  1046.9   7.9   87.2   292.3 
65 9.58  826.7   7.9   78.4   299.1 
65 13.58  561.7   7.9   68.9   196.7 
65 25.58  195.8   7.9   38.2   62.1 
66 0.5  2462.9   45.4   9.9   -1 
66 1  3008.7   54.3   49.6   41.7 
66 1.5  3938   53.2   78.3   171.6 
66 1.75  2985.9   54.3   90   283.7 
66 1.92  3074.8   51.3   93.8   280.7 
66 2.08  2887.9   45.3   89.5   313.6 
66 2.33  2979.4   49.8   93.4   324.7 
66 2.58  2482.7   44.9   77.2   345.5 
66 3.08  2153.4   39.6   74.6   357.8 
66 3.58  1853   37.3   69.2   368.9 
66 5.58  980.7   25.6   47.4   290.2 
66 7.58  671.4   21.3   41.9   237.6 
66 9.58  473.2   18.1   30.9   154.5 
66 13.58  254   14.2   25.8   61.3 
66 25.58  77.1   10.1   17   -1 
67 0.5  2519.4   26.8   9.5   30.2 
67 1  3183.4   33.8   27.9   130 
67 1.5  4908.2   43.9   42.4   395.8 
67 1.75  3301.3   34.8   48.7   482.6 
67 1.92  3253.2   27.4   52.9   568.1 
67 2.08  3362.4   29.8   45.9   618.8 
67 2.33  2733.5   28.2   61.9   660 
67 2.58  2567.4   35.8   57.6   687.1 
67 3.08  2278.4   33.7   56.3   711.7 
67 3.58  2006.2   31.2   51.6   626.4 
67 5.58  1087.2   24.8   41.2   626.4 
67 7.58  762.3   25.6   43.1   605.3 
67 9.58  503.1   10.2   31   466.5 
67 13.58  319.6   7.9   25.9   270.8 
67 25.58  100.3   7.9   21.2   99.5 
68 0.5  2018   32.1   12.8   23.3 
68 1  3057.5   37   30.7   54.7 
68 1.5  3428.1   44.3   56.2   128.2 
68 1.67  3318.2   44.8   55.9   139.9 
68 1.92  3626.1   44.8   57.7   169.8 
68 2.17  3370.7   43   61.8   168.4 
68 2.42  3311.7   42.1   63.3   175.3 
68 3.33  2825.6   40.1   68.7   180.6 
68 3.83  2741   34.8   70.6   186.5 
68 4.33  2393.4   29.6   70   197.7 
68 4.83  1634.3   24.6   56.2   200.2 
68 6.83  1170.7   21.6   46.6   195.7 
68 8.83  936.1   22.4   39.3   183.2 
68 12.83  565.2   20   37.4   142.3 
68 26.83  156.6   9.1   23.5   44 
69 0.5  1265.6   14.5   2.8   15 
69 1  2470.6   25.4   20.5   51.9 
69 1.5  3559.7   29.2   41.2   108.4 
69 1.8  3113.5   24.2   49.4   141.9 
69 1.97  3255.4   25.8   47.5   158 
69 2.13  3157.9   23.1   44.7   176.4 
69 2.38  2977.5   22.9   46.3   180.1 
69 2.63  2058.9   22.7   49.1   167.9 
69 3.13  2058.1   25.2   38.7   174.3 
69 3.63  1798.7   23.8   46   195.5 
69 5.63  1316.9   31   42.5   238.9 
69 7.63  888.5   21.8   41.6   209.1 
69 9.63  679.9   29.1   47.7   208.6 
69 13.63  391.2   9.6   38.1   155.6 
69 25.63  110.3   7.9   7.9   37.5 
70 0.5  2972.2   11.6   11.7   54.8 
70 1  3798.1   11.8   18   84.7 
70 1.5  3977.7   11.5   20.6   158 
70 1.67  3029.9   9.1   24.6   161.8 
70 1.83  3123   9.5   23   168.9 
70 2  3351.3   9.4   25.1   202.4 
70 2.25  3086.8   10   26.8   218.6 
70 2.5  2612   11.4   32.6   220 
70 3  2313.9   9.1   35.8   217.9 
70 3.5  2368.7   11.4   36.6   250.2 
70 5.5  1378.6   7.9   59.6   220.2 
70 7.5  1149.3   7.9   42.7   253.1 
70 9.5  806.9   7.9   43.6   229.3 
70 13.5  546.8   8   24.8   187.1 
70 25.5  153.6   7.9   17.3   75.3 
71 0.5  3027.6   27.3   11.8   22.1 
71 1  3601.3   50   44.4   65.5 
71 1.5  4483.1   56.6   80.3   118.1 
71 1.67  3108.8   52.3   82.3   128 
71 1.83  2894.4   52.5   95.5   141.4 
71 2  2916.1   44.3   89.7   149.1 
71 2.25  2636.4   40.9   99.4   162.8 
71 2.5  2280.8   39.1   112.8   149.3 
71 3  2067   36.4   96.6   133.6 
71 3.5  1915.8   37.5   92.1   137.3 
71 5.5  1328.8   43.1   68.5   125.7 
71 7.5  923.5   36.7   58.3   98.9 
71 9.5  684.2   24.4   43.8   80.2 
71 13.5  379.5   20.4   37.7   31.1 
71 25.5  136.8   7.9   26.7   15 
72 0.5  1844.1   20.8   5.1   15 
72 1  2493.3   38.4   19.3   55.4 
72 1.5  3453.9   57.1   29.3   158.8 
72 1.67  3196.9   68.1   35.4   220.5 
72 1.83  3016   67.4   41.1   245.2 
72 2  3087.5   76   40   315.2 
72 2.25  2905.9   69.1   51.3   349.3 
72 2.5  2220.2   83.6   44.6   236.3 
72 3  2269.3   90.6   59.7   399.6 
72 3.5  2151.2   60.3   51.5   410.1 
72 5.5  1004.8   33.4   32.4   343.8 
72 7.5  591.4   23   22.7   248.4 
72 9.5  470.2   30.2   20.1   232.4 
72 13.5  243.1   16.9   16.4   134.2 
72 25.5  83.9   14.2   10   39.7 
73 0.5  1729.8   26.1   16.3   15 
73 1  3152.5   34.3   57.5   38.7 
73 1.5  3990.2   36   80.6   59.7 
73 1.67  3699.2   34   89.9   143.8 
73 1.83  3688.8   35.1   96.2   158.3 
73 2  3921   33.9   100.8   194 
73 2.25  3492.6   34.5   103.1   200.4 
73 2.5  2678.2   33   97.6   199.1 
73 3  2761.8   31.5   90.1   160.4 
73 3.5  2664.1   30.2   88.4   179.4 
73 5.5  1759.7   28.7   78.9   208.9 
73 7.5  1045.9   12.4   51.6   160.2 
73 9.5  801.2   13.5   48.6   136.8 
73 13.5  456.4   9.2   37.9   71.3 
73 25.5  162.8   7.9   33   20.5 
74 0.5  1810.4   14.4   13.5   31.8 
74 1  3047.1   15.2   27.7   142.7 
74 1.5  2735.7   15.4   31.7   205.5 
74 1.67  2135.6   12.8   34.5   241.5 
74 1.83  2214.6   12   37.5   280.6 
74 2  2160.9   11.3   37.5   280.9 
74 2.25  2160.9   12.1   36.9   323.6 
74 2.5  1781.3   11.2   39.8   270.6 
74 3  1716.8   11.1   34   324.9 
74 3.5  1526.9   11.1   34.4   321.7 
74 5.5  1031.7   9.8   43.3   339.4 
74 7.5  641.6   7.9   34.1   283.6 
74 9.5  491.9   7.9   30.9   240.6 
74 13.5  281.5   7.9   27.4   146.3 
74 25.5  119.7   7.9   24.1   51.7 
75 0.5  2047.1   18.4   57.8   25.2 
75 1  2487.9   15.2   62.3   70.7 
75 1.5  1982.1   14.4   65.5   209.9 
75 1.67  1828.8   13.9   59.8   223.1 
75 1.83  1730.9   11.2   61.3   200 
75 2  1695.1   10.6   54.1   233.2 
75 2.25  1596.9   10.5   51.4   231.1 
75 2.5  1443   11.5   50.6   220.1 
75 3  1058.5   10.2   41.2   188.5 
75 3.5  836.1   7.9   39.8   167.2 
75 5.5  388.9   7.9   23   101.2 
75 7.5  238.1   7.9   20.2   72.8 
75 9.5  165.7   7.9   15.2   48.6 
75 13.5  74.4   7.9   12   18.7 
75 25.5  20   7.9   7.9   15 
76 0.5  2448.8   17.6   37.6   65.8 
76 1  3099   25.2   84   205.9 
76 1.5  3179.7   26.6   121.2   361.2 
76 1.67  3123.7   26.2   136.1   423.7 
76 1.83  3145.5   25.7   166   481.6 
76 2  2790.1   22.7   165.5   498.9 
76 2.25  2708.5   25.7   176.7   552.9 
76 2.5  2255.3   23.2   188.2   433 
76 3  2225.3   20.8   183.7   492.7 
76 3.5  1904.3   18.6   172.7   528.8 
76 5.5  1195.7   11.1   111.9   481.4 
76 7.5  858.5   10.9   80.8   459.3 
76 9.5  583.3   8.3   67.8   394.2 
76 13.5  360   7.9   65.9   290.7 
76 25.5  137.3   7.9   39.2   158.6 
77 0.5  2439.8   45.6   15.3   15 
77 1  3044.8   64.6   48.7   71.9 
77 1.5  4008.3   66.12   83.3   158.1 
77 1.67  3307.1   70.1   89.1   206.1 
77 1.83  3484.3   64.2   104   267 
77 2  3174.1   52.9   108.4   278.8 
77 2.25  2736.8   45.5   95.5   241.1 
77 2.5  2097.5   24.5   75.2   195.2 
77 3  2004.5   22   67.5   218 
77 3.5  1896.1   18.3   55.3   206.7 
77 5.5  1027.3   13.7   36.4   175.9 
77 7.5  779.8   27.1   23.8   180.3 
77 9.5  500.9   10   23.4   134 
77 13.5  283.5   7.9   24.9   78.9 
77 25.5  71.6   7.9   9.2   15 
78 0.5  2064.3   24.7   31.9   -1 
78 1  3243.1   31.5   71   210.4 
78 1.5  4320.4   39.7   113.7   412.9 
78 1.75  2965.7   40.2   126.9   477.4 
78 1.92  2778.9   37.1   134.3   561.3 
78 2.08  2692.7   33.3   131.7   582.5 
78 2.33  2673   34   126.2   569.8 
78 2.58  2437.3   26.9   145.6   500.7 
78 3.08  2102   33.4   122.2   491.7 
78 3.58  2096.6   35   113.2   532.5 
78 5.58  1417.5   27.1   106.1   457.9 
78 7.58  1009.7   17.6   81.2   416.7 
78 9.58  625.7   8.6   54.3   303.2 
78 13.58  320.8   7.9   46.3   193.8 
78 25.58  113.5   7.9   35.5   15 
79 0.5  1967.6   33.7   8.5   20.3 
79 1  3135.6   47.1   43.5   66.9 
79 1.5  5390.5   55.4   68.4   130.3 
79 1.67  3346.6   54.8   64.6   144.7 
79 1.83  3515.4   61.5   85   174.5 
79 2  3583.2   58.2   97.6   207.1 
79 2.25  3247.9   58   117.3   237 
79 2.5  2891.7   60   108.9   207 
79 3  2545.9   46.3   114.3   216.2 
79 3.5  2398.7   48.2   106.7   236.7 
79 5.5  1627.9   34   76.1   246.2 
79 7.5  991.5   25.1   58.7   189.7 
79 9.5  671.7   16.1   37   148.5 
79 13.5  423.2   17   30.7   113.3 
79 25.5  144   13.2   16   30.3 
80 0.5  2639.5   24.4   28.9   15 
80 1  4157.2   40.1   103.4   116 
80 1.5  5166.2   53.6   190.3   299.1 
80 1.67  3688.8   55.3   227.4   356.8 
80 1.83  3888.7   57.7   238.6   442.4 
80 2  3432.5   54.4   239.3   425.6 
80 2.25  3454   54   248.1   478.7 
80 2.5  3200.4   67.4   248.9   523.9 
80 3  3097.9   78.8   277.5   592 
80 3.5  2686.7   70.8   256.1   613.8 
80 5.5  1277.1   22.4   157.5   453.4 
80 7.5  996   23   138.9   349.2 
80 9.5  786.6   22.5   144.3   327.2 
80 13.5  523.8   14.2   98.1   228.6 
80 25.5  164.1   11.2   58.1   54.8 
81 0.5  3269.1   31.5   28.9   77.8 
81 1  2928   24.1   86   231.8 
81 1.5  5269.7   20.3   61.8   429.2 
81 1.67  3460.2   20.2   71.7   515.8 
81 1.83  3388   19.9   62.7   580.7 
81 2  3452.7   23.5   69.3   641.3 
81 2.25  3144.7   21.1   67.1   629.2 
81 2.5  2878.9   23.8   79.7   644 
81 3  2789.3   24.2   84   682.4 
81 3.5  2766.4   23.7   87.6   771.7 
81 5.5  2220.2   16.7   91.3   799 
81 7.5  2067.2   18.7   100.4   953.2 
81 9.5  1764.3   15.5   107.9   912.5 
81 13.5  1371.5   14.4   111.8   918.4 
81 25.5  635.4   11.1   99.2   601.5 
82 0.5  2514.2   22.2   14   33.5 
82 1  3477.6   34.7   51.4   140.7 
82 1.5  3436.1   42.2   74.3   216.9 
82 1.67  2900.5   38   88.3   244.9 
82 1.83  2750.6   30.6   88.1   251.4 
82 2  3177   31.5   86.8   284.1 
82 2.25  3567.6   33.5   87.2   335.2 
82 2.5  2178.9   28.5   94   231.4 
82 3  2203.6   35   108.9   260.2 
82 3.5  1976.1   32.9   91.4   291.9 
82 5.5  1105.6   13   60.1   226 
82 7.5  629.2   8.8   44.4   155.3 
82 9.5  573.3   10.7   41.8   163.8 
82 13.5  354.9   8.4   29.7   100.8 
82 25.5  132.9   7.9   23.1   38.6 
83 0.58  1286.1   8.5   9.2   36.5 
83 1.08  2211.8   17.6   62.8   216.5 
83 1.58  3449.2   33.2   128.6   578.3 
83 1.83  2958.1   35.1   177.7   633.8 
83 2  2891   28.2   163.2   829.2 
83 2.17  3195.9   26.7   184.1   880.9 
83 2.42  3056.4   25.8   145.9   863.6 
83 2.67  2708.3   25.4   196.2   797 
83 3.17  2231   21.1   185.1   752.4 
83 3.67  2514.7   24.3   181.5   942.2 
83 5.67  1891.2   23.6   141.4   908 
83 7.67  1457.2   32.1   139.2   1014.5 
83 9.67  750.1   11   96.4   619.8 
83 13.67  447.2   9.2   78.8   413.9 
83 25.67  163   7.9   48.7   144 
84 0.5  2747.9   16.3   18.3   15 
84 1  3809.8   22.1   55.2   63.1 
84 1.5  3928.7   23   68.4   158.3 
84 1.67  3236.7   19.9   61   169.7 
84 1.83  3310.8   18.6   62.3   176.2 
84 2  3167.9   19.1   66.3   170 
84 2.25  3029.8   17   70.2   237.5 
84 2.5  3136.5   21.5   74.5   262.7 
84 3  2741.9   20.4   92   252.3 
84 3.5  2501.2   20   73.3   260.7 
84 5.5  1643.3   15   60.3   247.8 
84 7.5  1053.6   13.5   51.2   194.5 
84 9.5  794.8   11.6   48.7   177.8 
84 13.5  436.9   9.1   35   134.5 
84 25.5  134.2   7.9   24   32 
85 0.5  1914.6   18.7   53.2   24.5 
85 1  2552.9   2.1   103.9   83.2 
85 1.5  4155.6   24.9   156.5   172.5 
85 1.67  3156.5   22.7   187.4   215.9 
85 1.83  3092.2   30.7   177.1   230.1 
85 2  2917.9   20   184.8   232.5 
85 2.25  2686.4   17.1   183.7   236.2 
85 2.5  2632.4   21.2   174.7   255 
85 3  2412.7   17.7   180.4   273.6 
85 3.5  2242.2   17.5   165.8   259.7 
85 5.5  1280.7   13   112.7   222.7 
85 7.5  954.6   15.3   115.7   226.8 
85 9.5  593.8   9.2   86.6   155.1 
85 13.5  325.5   7.9   62.4   93.8 
85 25.5  128.6   7.9   46.7   27 
86 0.5  1525.4   15.9   9.7   19.8 
86 1  2705.8   19.6   29.8   58 
86 1.5  3714.7   25.7   56   125 
86 1.67  2616   26.8   65.9   138.4 
86 1.83  2514   25.7   56.7   166.2 
86 2  2281   22.2   56.8   153.6 
86 2.25  2206.7   21   53.8   189.3 
86 2.5  1925.1   14.7   56.7   166.6 
86 3  1625.5   10.9   45.4   144.9 
86 3.5  1252.2   8.5   35.4   138.7 
86 5.5  873.9   15.3   31.4   150.5 
86 7.5  416.9   7.9   20   73.9 
86 9.5  314.8   7.9   15.9   48 
86 13.5  220.5   7.9   18.8   52.5 
86 25.5  55   0.1   7.9   15 
